330242259457032193
330234849728274432
330132462355226624
330132002797928448
330386785781813248
330423539108835328
330271788506435585
330401034730102784
330383394636693504
330511516484898816
330559594449485824
330500843021402114
330570182256898048
330712739800555520
330728299020050432
330733352141336577
330752783936544769
330740993873809410
330864708326420480
330888482786533376
330985133987479553
331042174454075392
330956271157145601
331062109704163329
331122796740620288
331169068692418560
331107908974686208
331171237546049537
331435622696890368
331429762838982658
331495846069825536
331519618470522880
331602490443300865
331602242648039424
331597507371089920
331632473668734976
331648159975632896
331669252534837248
331790770573025283
331829727411204097
331826446026801152
331865233150840833
331888919526391808
331864963117367297
331944285551341568
331964130829426688
332006945982668802
332021449692946432
332033238879043584
332058427570397184
332164260715180033
332196916433678337
332206098566225921
332201885899575296
332202242021150721
332311785170411520
332328244017786880
332367294514737152
332559814653784064
332595786040885248
332594166221664256
332665260244865024
332650421749424129
332690623956135938
332684425387204609
332683882518429697
332717411574890496
332713748508844033
332863754490499072
332942013865533440
332954124658286592
333013884866809856
333111845802090497
333246966031060993
333270157831057409
333287252568440832
333306421426941953
333309987759718400
333338298581913600
333404875826274304
333431488370601985
333498166525698048
333442466298613760
333515637781585920
333528364310732802
333656732242939904
333678002435141633
333719417810743296
333779217693147137
333782105727311873
333812560447037440
333827891416690688
333863031358517250
333940272864051200
333961266630623232
333958261093068801
333963579147567105
334026860117774337
334021325133864960
334060922995879936
334060856214159361
334098426830651392
334113956677447680
334154576871714817
334154145546240000
334152546350411777
334246874670317568
334269246370639872
334256091082932225
334290536527708160
334306409300766721
334323029788196865
334326753801691137
334360851844833281
334382931952926722
334368944049770497
334390914036420608
334406210214322176
334423370554830849
334505282371719168
334514283016757248
334597673200001027
334643269302628353
334640952062902274
334658190899834881
334651685597241344
334672772980695040
334698013584945153
334688607220666368
334724508617428992
334734562007588864
334742664895410176
334798842228776961
334834857588953088
334841646023839745
334841233891540993
334862691879497728
334862275599036419
334858897955377152
334890490761728001
334886637353975808
334934466113974272
335000562556862465
334995966329491456
335101508376989697
335095386895159297
335111492624064512
335122825801256960
335126293454663680
335144384171495425
335188249997869057
335204292984201217
335331230604214272
335400707186364416
335397983921242112
335396494578417666
335468273560850432
335483384765759488
335489004894027776
335565772585857024
335643005052669952
335640474096381952
335639487189221377
335653295639121920
335659836513603584
335678343057907712
335670649160867840
335688193582198784
335733972703272960
335733334049169408
335774700498198529
335825988661411841
335865592559054848
335891147694153728
335957777061142530
335955569515044864
336022494211366912
336022402091868161
336040085273329664
336079650084237312
336096474888826881
336094389384404992
336199816843522048
336198590642925568
336212529992847360
336206022249160704
336223434185007104
336227817329135617
336234193203904512
336249438169350144
336249207834935296
336249099043102721
336258814108119040
336255238002573312
336265884488302592
336278579098824704
336296302914711553
336291920764612608
336346179182948352
336360322900299776
336380639886598144
336408001810399232
336403674513420289
336428819038760960
336466434169401344
336465274721157120
336463844631269376
336486228901888001
336493491582562304
336514313399459840
336512837109309442
336538067047419904
336545263508402178
336542780576911360
336542478616391680
336541329154777088
336540898588491776
336553765895282690
336568479585013760
336565267922571265
336579581286952960
336575549310914561
336587234302099459
336586883847028738
336595225621434369
336594702868545536
336632329755832320
336632014990098434
336627525650350082
336643489506934784
336633654338023424
336690972849229824
336686003874050049
336718592685006848
336737858645790720
336745521135878144
336815323577724928
336819887697702915
336859111507521536
336880225390563329
336886336323727360
336960995962523648
336952915820417024
337002458444341248
337071990701715456
337085878868520961
337126992426176512
337203274316922880
337201998078291968
337200176898920448
337217862441762816
337232009573326848
337227194952732672
337226399695908864
337249933654634496
337249803614429184
337281498656944128
337273108916494337
337305088806760448
338814428839559170
338814428839559170
339153831294271488
339144266733465600
339166828469313536
339176011591741441
339200383513686016
339195948351774720
339195247009619968
339215308810244096
339214166420250624
339241700700606466
339258972550860800
339256258362228736
339256038249349120
339256033736265729
339362366879854592
339439551175081984
339451047196119040
339475026199846912
339499878013087746
339492983722348544
339509937279467520
339536016740319232
339534802501894144
339534779240308737
339545278656966656
339555452071342080
339555196600475648
339578046539517955
339591538709499906
339675617215787008
339669836751843329
339716948260687872
339705328172154881
339736637326114816
339747314107285505
339745927533326336
339769058654310400
339768840978300928
339797896784388097
339818727463849984
339818209496674304
339817461081858048
339832274566672384
339824478320205824
339854359582081024
339873269266124801
339872927635877888
339871521642262529
339910885810249728
339988912279785472
339980459440209920
339974961043230720
340000148946030593
339998247135354880
339997979580723200
340010768277843968
340019808911384577
340026175093080064
340027026146750464
340025765338951680
340024542942597121
340023828723933184
340023360874508288
340024894794366977
340030908813950976
340031491021107200
340029362478911488
340077181529100288
340077330661797889
340079865481007104
340093645581606914
340093608763994112
340095296019247105
340109480295559168
340109075884933121
340107902150918144
340121541427728384
340120101388967936
340121417565753345
340140320643751936
340140108156108800
340140269083189248
340153704420372481
340153965817761793
340153592591814659
340170542944501762
340170510036004864
340170176186155008
340231530922266624
340231066260475904
340232753989689344
340263447054925824
340260673223282689
340262911710752769
340280837570445312
340281029745049601
340281088796672000
340283583006642177
340281574916513792
340283804214259712
340282425487810560
340282763267686400
340283309449953281
340116116456226817
340118652797980672
340284622778793985
340283611989303297
340284804832583681
340285136467816448
340284098289471488
340284473247662080
340241348550602754
340152695191117824
340214794462314496
340111314431131648
340285593584037888
340285498356543488
340285747603062784
340263780225273856
340241259052531714
340123002639380481
340214440299474944
340287033736036352
340286666403094528
340286965830270977
340214693383770112
340214977401081858
340287323356921856
340287578475487232
340287529385336834
340287724990902274
340287720863707136
340287910970552320
340287672830545920
340287467766833152
340288224616382465
340288718231465985
340289152409018368
340289140010647553
340288957856239616
340289227008905216
340287747900178433
340287926418149377
340289080766103552
340288847541833728
340288692998504448
340287856058712064
340288056869392385
340288587474022400
340287772478828544
340289091407065088
340287987671777281
340289428146778112
340289188463263744
340289750311256064
340289742098792448
340289976531025921
340290410750550017
340290181481521153
340290427691335680
340289979458662401
340289666110603264
340290211013615616
340291149631717378
340290717903622145
340290141199409154
340290241527169025
340290585359425536
340289327965822977
340291091435773952
340289427219836928
340289538448564229
340289869299466240
340289895761334273
340289802178007041
340289351399374849
340291422194393088
340290034211106818
340291449868402688
340290863622135808
340290171457114114
340289861460320257
340291917927546881
340293364756918272
340291873505697793
340292761884454912
340292762735898625
340293383450939392
340292759686610944
340292524230975488
340292821842022400
340291852722909184
340323027239702528
340324170258841600
340323234715168769
340323472335048707
340324682395967488
340323755098271745
340322684678324224
340324105230364672
340323867073605632
340323763386187777
340324077740896257
340324610925010945
340334848856170496
340334978879614977
340334657134555136
340335370426257408
340348851288408064
340347981318455297
340348413201752065
340349181988306944
340348429064622081
340347922682089472
340347085603876864
340349485312004096
340346152538996736
340350500564242432
340351021555519488
340350343953133569
340349209800740864
340349490726834176
340350100184395777
340350986877030400
340350783289700352
340350191536336896
340349289790308352
340350463729889280
340350138780364800
340351378272706560
340366614514003968
340366505483067392
340364999442702338
340363149268119552
340379221392244736
340382154821353472
340380398125187072
340380524214366210
340390856806776832
340388378736484352
340389741302259712
340393288660049921
340412437033521152
340408431276068864
340407400270028801
340413340465647616
340431609121619968
340434595621249025
340434332214779907
340432919262810112
340484020188090368
340485522139004928
340486277277306880
340484650864635904
340498552688087041
340498229684756480
340498102345674752
340498475152179200
340517240715759616
340515838371192832
340518479566340097
340517077926416384
340516632369704960
340529747283042304
340532087088115712
340531905265016832
340530027827429377
340549157540466689
340549620138663936
340547734983540736
340547990190190593
340563405666664448
340561155066048512
340563267686653952
340562524497920000
340580191413870592
340578087282556929
340579406588305408
340579504609173505
340578166450053120
340591006003105792
340590522177556480
340590053061455872
340591850018717696
340610250791088128
340609458872938496
340610121166098432
340610523378880512
340654508755537920
340651846010011649
340653443557498880
340652912621522944
340651963735764992
340652828647370753
340652559456931841
340653435156328450
340614070426271745
340621686095351808
340665687594893312
340665560826269696
340667262828683264
340667107232595968
340681285401968640
340680122254360576
340681051816992768
340680468007616512
340693602487386112
340694747217805312
340694616179347456
340692973379518467
340711353373319170
340707547361185792
340709535922675712
340708863114350593
340724821623205888
340724985083621376
340723781020569600
340723609343500288
340728197761073153
340740537302794240
340741746965217280
340742813681598464
340742727840964608
340741622406991872
340747134825533440
340742748074299392
340749443588558849
340755255895678976
340755131635216384
340759977553707009
340755612700930048
340770189417250816
340769803792961536
340767833107615744
340770715815010305
342877627733925888
342878561763475458
342872789553926144
342883498387988480
342895543099457538
342894889463332865
342903298405330944
342909460160856064
342906316924264448
342906630943420416
342919724868444160
342917989265448960
342926775443148800
342928741082730497
342935241805156352
342957265302716416
342959492616581122
342960239655669760
342956574521831424
342960232684744706
342973668768501760
342975198674427904
342982441864146945
342981775116623873
342977433944862720
342973922825867264
342995626033811456
342996879870685184
343003732113494017
343004911182688258
343023701660401664
343024230633459712
343025734656356352
343033752072622080
343036325257175041
343031554655801345
343044366048325633
343042511968808962
343043304146997249
343051155850551296
343051971990802432
343061158686769152
343060718461018112
343060342059978752
343060887663419393
343075515856482304
343076095391830016
343076741662773248
343076781479317504
343076175138127872
343077720160346113
343095110440996864
343096362168115200
343098728657346561
343131517842763777
343132200276987904
343135901578317824
343146173072297985
343147163632680961
343152215457943552
343158559741186049
343158897902759937
343172263161520128
343174285629718528
343167548218560512
343168159437709312
343206772716216321
343206687538302976
343178246877220864
343195910546784257
343221877344452608
343220652209238016
343217129685909505
343235269455138816
343234316735770625
343241013776756738
343240208864645120
343260192370212864
343259845245411328
343270247505211392
343267022001553409
343267365443743744
343278888429944833
343280316837949440
343288348246437890
343286457584189441
343293054666555392
343294166119358464
343299217802022913
343301507464175616
343297643251900416
343302751620571136
343310126041677824
343314086550962177
343316344638406656
343313492704649216
343331778326589440
343326673837625345
343330128362889216
343348813727141888
343346230790852608
343348090142588928
343350442178277376
343349384282513409
343363675899445248
343362887269621760
343369599275892736
343363204191227905
343371005219205120
343384761663901696
343384368649220100
343383534892904448
343393188666540032
343402187189280768
343401792836608000
343416712571535360
343416667264671744
343418030237302784
343424889748860928
343425594660364288
343433616644268032
343434010728480768
343433831711404034
343438946761576448
343442857979437056
343449386052907008
343449536485814272
343447484347072512
343457557060386816
343457441175977984
343460932611080192
343461458635538432
343450161663602688
343462619870556160
343449900245213185
343478093836611585
343478375299559424
343487205496471553
343482952388325377
343505131268100096
343504341463887872
343493662895915008
343510264454447104
343518043789463552
343518918104735744
343539161912967168
343537752677163008
343538198565228545
343549188656746496
343549912883003392
343558621382205440
343557392786665474
343558314459791360
343558716827770881
343549230151000064
343577384580157441
343576954252972032
343577687534751744
343577410219962368
343583410117308417
343582699098877954
343593879158808576
343594284852858880
343602200074928129
343597924434993152
343579877863211008
343613315865534464
343613525417156608
343617642235564033
343602598831595520
343628570708541442
343627811896061952
343625672054407168
343635255934201856
343645051555037184
343642947809599488
343644736999026688
343644968457478144
343657092709765120
343656624658997248
343654680376786945
343658206737887232
343668920424751104
343670791461801985
343670173779238912
343669810753855488
343672023517626370
343678965841551360
343673791483899905
343693177326292992
343692757610663938
343692445965508609
343719546844217346
343719085911199744
343719795960725504
343718895930187777
343731546890567680
343736806845583362
343736512573210625
343733872112066560
343746252422381568
343744458623447040
343739216649400320
343742165157027842
343761310749704192
343759544163385344
343778035964723201
343779153440542721
343779564658515968
343793526590562304
343794064963022849
343794922115170304
343834298522157057
343833427373617153
343810143852589056
343846333075042304
343846278792351744
343846383461203969
343845804194291713
343826533472940032
343810631373291520
343801176128647168
343861656201338881
343861772194832384
343871967075631104
343870974460055552
343883880677380096
343885547128881153
343879556953939969
343887053496397824
343901434405867521
343902338693615617
343909102583422977
343906972829110272
343887949856915456
343916516883984384
343916419962003456
343923308976283648
343923068344860672
343919914618343424
343936376582074368
343937671514701826
343935584135417859
343940094337642496
343950878669144064
343950974802599936
343950945975140352
343936051544457216
343955151167557632
343993220943982592
343992880400044032
343972112417030144
344003303958523904
344004208510529536
344004182891692032
344061812804820992
344061969583706113
344041424293085184
344027216939737089
344170189706915841
344170189706915841
344171087103401984
344171020896313345
344176282063474688
344178190954143744
344176546195587073
344178629347008512
344186573597835264
344187365394374656
344192234914197505
344195461583892480
344203336263815168
344202823661150208
344202380117684225
344201356623618048
344201173114437632
344256361472868352
344256646773624833
344256627756658688
344256772363677696
344258152780402690
344263579278647296
344264156687499265
344263477210259456
344264326489710594
344271288241623040
344270254584766469
344278549055799296
344278570606133250
344281311122452481
344284776225705985
344285460467691520
344279882311802881
344280246993973248
344321691729670145
344322842885754881
344309421515616257
344328886508724226
344323949427032064
344328459746680832
344311691825266688
344323867252228097
344325172892938242
344347583310884864
344348089437532160
344348961622081536
344351004667559936
344342406461808640
344338990918418433
344352484644491265
344377098607157248
344393825202102272
344391986746384385
344376825511833600
344377470075674624
344383968940003328
344392279231954944
344380369627398144
344372501733851136
344402557298409473
344472546680381440
344472519950073858
344478199431962624
344481205573521408
344481087545819136
344479579446059008
344481024689983489
344480918255316992
344480947472846848
344546337662066689
344546337662066689
344545794419998720
344546132434755584
344544289818304512
344545443075735552
344545410070757376
344560401821888512
344537831491911681
344558363104923648
344537745370259456
344542863264186368
344566675846361088
344563523579428864
344563977579274240
344987146408570880
344986445313880066
344904843267276800
344894613024305152
344898028487983104
344869416086949889
344889505431568384
344902188985880576
344898634502000640
345004571946524672
345004909499936768
345003310434111489
345013819166314496
345004149282328577
344933640632950784
344892765219467265
345010820922630146
345024321053392896
345024877998256129
345035859910860800
345021426144788480
345031659835502592
345023786543890432
345011884296118273
345043567485517824
345043891701039105
345040613139427328
345040091074420736
345042667383693312
345039852531773441
345038029364289536
345063240025378816
345062299976994818
345047314718658560
345056945171992576
345066413981065217
345069894527746048
345063799746871296
345070911206092801
345081459532521472
345080299694211072
345089082944262144
345088342339248128
345095676172042240
345093932474040322
345082342873915392
345113589859889152
345112411801518080
345115678350655488
345116083738521601
345123430137487361
345112864924774400
345113610139357185
345134018406277120
345132651792969728
345141773783425025
345147419425636353
345148236316692480
345139194148040704
345138911334510592
345153430857342976
345104443387297792
345167134776762368
345165370023346177
345175560395317249
345149199081431040
345181426725040128
345180693409718272
345182592049500160
345190172150857728
345169082573811712
345178310348791809
345189284493545472
345194684982886400
345195167302684673
345203668242538500
345203130994135044
345213353301520385
345194910485446658
345191135062409216
345213748115542016
345178177276108802
345198452550029312
345223562279387136
345224301500313600
345216241335681024
345222112857972736
345218495908298752
345221714877222912
345220654980796416
345219004325052416
345229091890405378
345244698341945344
345244404539346945
345252707977789440
345247828999806976
345256133759467520
345241203039666176
345264714802155522
345264216502050818
345247497129705472
345256455546478592
345251046941147136
345280435984687105
345281175830536193
345281079567065089
345280645653753857
345280812029210624
345265952419635200
345283135266770945
345247851690999808
345279911654731776
345279901110251520
345277937655885824
345307445968662528
345307588025520128
345300170545717248
345301723314786306
345307020372606977
345313253418745857
345306351947366400
345315413258809344
345326635597320192
345327264130551808
345319674973659136
345327434373144576
345320223295012865
345310997059358720
345344981151674368
345344360524693507
345328003900923906
345353162250657792
345337829620060160
345351035419762689
345362633072971776
345362628085944321
345372634747375618
345367288502968320
345366727225384963
345370007443734528
345368738213797888
345379380773675009
345379506925748224
345382511318282241
345385836273102849
345395458274897920
345394924700700675
345409280163340288
345409513635057665
345408794353872897
345398464957526016
345417714111766529
345409128702824449
345408099974250496
345416400392818688
345425860066680832
345425034384388096
345441370955190272
345441876364644353
345454364233723905
345441301833080832
345464347314749440
345463876726423552
345483206369349632
345479479818338305
345490166376439808
345502922324463616
345500270735810560
345514506962755584
345509936568102912
345499296092790784
345499012876611584
345511211477127170
345508331345039360
345523715439730690
345526303891529729
345503033108611072
345518079163367424
345537005800783872
345524011842818048
345511122264289281
345530180888055809
345546758035750912
345546631443263488
345545743949496320
345550942990630912
345551566750744577
345558010841669632
345557896702078976
345526780775522305
345530927729999872
345575376958922754
345576520242311168
345583903223975936
345580289113866240
345571345733648387
345554636977090562
345597712424644609
345598151887044608
345597480244756481
345610211354083330
345599615661387778
345603335501537280
345621035250495488
345621230470197249
345629268316930048
345617619283476480
345636852075749376
345636975182766080
345633278813945856
345656786822508545
345657420804153344
345659931183153152
345660616880574464
345670539869843457
345670994637250560
345673006099607552
345675138865446914
345685637334192128
345679001974628352
345695960321622016
345695376487088128
345692126144757760
345712194509471744
345712641760690177
345712132190502914
345730522699399169
345730522036699136
345729524077584384
345725888119320577
345742559856967680
345733518879494144
345742804011581441
345752886241808384
345763395749937153
345772548895682561
345772587260989440
345785575942533120
345786174855585792
345771122618421248
345770932582891520
345783868600758272
345792336279777280
345791795311046656
345804253958377473
345794143362101248
345811753273274368
345812701144035329
345826381915123712
345828701763678208
345828630632476672
345842996526317568
345856017436905472
345858165759430657
345858631415238657
345853036645732352
345870806343098368
345872868715925505
345883767283531776
345890071091761152
345889979190358018
345889334752342016
345900230279036929
345896140903960576
345911455952039936
345911432468131840
345913863872585730
345926711248044032
345926938726105090
345933431496114176
345932965848678401
345944546020048896
345944460431081472
345962678939942912
345966095078920196
345966179229265921
345941449138913280
345967139385131008
346000147538382848
346000262655266816
345941562078928896
346004318593372160
345974588045422593
345979104438390784
345973813751721984
345966515633401856
345966315602837504
346027172529569792
346026873169526785
346016805162213376
346015890040557568
346026951422640128
345973053529927680
346001389639581698
345966951887163393
346043773438009344
346044277299744769
346035424298426368
346036887904993280
346040312017346560
346044310443147264
346057507258650624
346058405854711810
346048148529098752
346060015129489409
346052359358664706
346051068976824320
346052250998800384
346052590896832512
346071903817048067
346071526946250752
346058955409199104
346064331051511809
346075748194471937
346091203328086016
346074357266792448
346079720284254208
346096328151011329
346108311499849728
346107430096211968
346111371437568000
346064548521971713
346081441785982976
346094153945460736
346115544606470144
346116392212373504
346109195554275328
346101685959151616
346107593187545088
346130154784976896
346069299246534656
346076337192202241
346139750635294720
346139378453716992
346129843160752128
346150574082895873
346151287039082497
346147904349683712
346144739227230208
346158207099609088
346158730305490944
346164901309456384
346174139545034752
346171746862387200
346159681900793856
346184483449475074
346185056890519552
346184926758043650
346190028952702976
346190180434186240
346205239826870272
346199218215591936
346214014612815872
346213671137054722
346196345985568769
346211334901346307
346227939173609472
346234299747532800
346232504904208384
346244307310747650
346243421238878208
346254763643531264
346267013527773184
346264865809235968
346246809825447936
346267764434034689
346263743765815296
346246206546141186
346247216626819074
346280578351509504
346279867077259265
346293874530086912
346293807714824192
346285137782251520
346290111610224640
346288273683013632
346292778151591937
346304886750720000
346305064782155777
346302671281598464
346309049454845953
346301963450851328
346309736846745600
346297988521533440
346322383826726913
346321487352979456
346323219285938176
346319959678386177
346330845176532994
346326443460001792
346339429792747520
346339937894936576
346333377084936192
346336174555688961
346349724246364160
346349722178572288
346351546574983168
346351874829590529
346364956175900673
346364382600634368
346362522095460352
346379789319421953
346379925294546944
346392931025956865
346369654752690176
346399867565907969
346399849614286848
346409521935167488
346409720170561537
346409673127247872
346403742578532352
346421806653128705
346423236709457922
346422920073060352
346412359255998464
346443778149724161
346442646866251776
346459971044667392
346460763747127297
346465503088345088
346442525608927232
346465751634419712
346462588235812866
346471020468793345
346443846248452096
346482733352108032
346483413391396865
346490845442228224
346490854904578048
346493257766805504
346449806773862400
346501121487032320
346501081263644672
346489248565829632
346500184345305089
346512666879197184
346506401641791488
348455724428443648
348248038705348608
348491306181464064
348289866645270528
348244914972262400
348312561189531648
348530649113706498
348281749266120705
348540288559616000
348540317462560768
348532547724144641
348539081849974786
348550495968825344
348452325347700737
348381436488855552
348542459019677696
348566050192896000
348556011096928256
348489867648446466
348553042360168448
348526211493928960
348580150289510400
348592108652875777
348598068633010176
348603251169566721
348602614574874624
348601737399123969
348617064145113088
348620791526592512
348616667548491776
348636381981065217
348624246760669184
348634169615732736
348633229126930432
348645161892474880
348655487463587841
348666181370134528
348672347244462081
348669948681388032
348684536026107905
348696663134703616
348715833977102336
348728587400138753
348570276927262720
348742391836069889
348748467222503425
348758028364967936
348757554085634048
348748250599260160
348776184068321280
348775949476700161
348604088021295107
348649363834290176
348791310255271937
348802451849216000
348831539313905664
348836868722413568
348656706189934592
348837406578966530
348840247288803329
348852606652784640
348851640620683264
348867765429497856
348874277392613377
348880249477545984
348884083339837440
348893470993293313
348889771126452224
348895804708229120
348907666854248449
348922872678465536
348923021601427456
348930112210731008
348925415617867776
348939255550185472
348953335409291264
348963641741172736
348962227606405120
348971013742161920
348975911061819393
348972959228121088
348984971765088256
348998716931325953
348999100831772673
349007317162946560
349000562433482753
349018319736672256
349041640536678400
349039326606270464
349045049100750849
349058922075799552
349073507654696960
349088678183829504
349089069428518912
349106923565641728
348994761287421952
349119314755981313
349131869826207744
349149264980611074
349164939501510657
349179785949351936
349189951683969025
349192469793079296
349190719233196032
349171132672376834
349179141947531265
349204690375933952
349198646039937024
349218384015134720
349046231441502208
349231587315032064
349236212353089537
349038856953294848
349251890841792512
349256404319744001
349091760733044736
349271123499819008
349275052090470402
349285220878524417
349287586507931648
349292884865982466
349292911776632833
349303441102864384
349309948838158337
349317594475544577
349322317253459968
349334012000600065
349338903016251392
349341139716935682
349339996693598209
349345023084601347
349307230203555842
349351898270281731
349360935867133952
349375508867330048
349390664330522624
349386849300656130
349368490953678850
349386402439512064
349411047020576768
349416014422867968
349423361731989504
349413197347950592
349397245868781568
349430754561884161
349431568495935489
349440385795366912
349444990977576961
349448334966145024
349459133877067776
349471685482790912
349462053167181824
349466685163569152
349460902657003520
349441474166923264
349478236461338624
349480611762814976
349478768529776641
349477996010291200
349492911618007041
349505403022872576
349506979313623040
349508725511438338
349518145872084996
349518998469222402
349529858205941760
349532207502729216
349537308422307841
349541527103610881
349543600822034433
349550134146768896
349551859737964545
349554920623570945
349563197143019520
349570310758076416
349575662694174720
349585455471280128
349588128312467458
349593043181117441
349608003382681600
349618711705038849
349622794365054978
349648280369627137
349651653374386177
349660005399662592
349651493290393600
349678307178057728
349653922341851136
349635196531916800
349680759629557763
349692112691937281
349701939178651648
349698305644691456
349696255766691842
349723300215263233
349738273842802689
349754014696607745
349768610874540033
349769599706857472
349783700646539264
349622882516733952
349800895787184131
349813918404841473
349828945786576898
349670302134960128
349843055869825025
349855622189154305
349860191967248386
349863977880260609
349872667073056768
349877469878304769
349882130953797632
349883065830621185
349695729951977473
349893208379109377
349710463329775616
349709598002917376
349893728837705728
349908225992298496
349912334682161152
349922264323592192
349934699503824896
349943083716186112
349939394532216834
349939432855572480
349969045984002052
349967260129034243
349976861410983937
349983029739008000
349995353350737920
350010074753802240
350025727732756481
350040056590897154
350045249009221633
350048839052439552
350049051225493505
350059481851371520
350069601578651648
350070990178484224
350051061538635777
350054678635094016
350051550556733440
350079791187247105
350078851222732801
350073068368048128
350045250011676673
350045711380905986
350077263213109250
350048944568545280
350073103394676738
350101057508098048
350069365883932672
350108856132710402
350069025717489665
350121217472217089
350131607635628032
350133669937164290
350145428282556416
350133877978828800
350160729581686784
350176725314969600
350168506936991745
350176497216131074
350182622200209408
350194105193734144
350203632895016960
350207650459435010
350221902125608962
350235011624083456
350239779360747522
350242816313655297
350254933334949888
350261605478567937
350268284215623683
350268816367951876
350282316297412608
350296822931140611
350296686708531201
350308904833515520
350308564285407232
350312716616990720
350316540199059456
350322692467073024
350329904241446912
350324892182396928
350336458307022848
350340830856355841
350340478991990784
350336601546690560
350349712622235648
350353387558150145
350340912527847426
350363629901717505
350340907469516802
350341679020130305
350379395346731008
350386765191839745
350392569118720002
350399891069083648
350404590182739968
350410781000605696
350414252466634752
350414343919247361
350422010347798528
350428006344429570
350434403798888448
350434426372636672
350431728097181696
350450574589837314
350462922092318724
350478450672410624
350483916773277696
350491663426260995
350427284064305152
350498552239243264
350508586981523456
350505975003877378
350510389567561729
350523705035735041
350533040583356416
350538503983079424
350539183045095424
350551786031026177
350553611371151360
350565918692212736
350544131027763200
350548423306526721
350573515814076416
350584558300823552
350595085362143232
350594999458594816
350591710457376769
350602691598233600
350607514922004481
350603755726708738
350618612798734337
350629670049431552
350634122017902595
350644915845349376
350645726348460032
350652895013769216
350646904247427072
350634641486655489
350665150275125249
350669571331596288
350668920782471169
350681333070180353
350685859323969538
350682544095756289
350694631182303232
350702802894458880
350703316776394753
350704471946428416
350701435580727297
350698409587507200
350711087525666816
350720742792499200
350722624818655233
350734994114756608
350734809435344896
350747913829351424
350743260639133696
350741770549727234
350737611373035520
350757440960217089
350757515484610560
350750710578683904
350764171186548736
350762276996915202
350756839366987777
350775925132107776
350782661872201728
350782728607772672
350784264968732673
350791551540150273
350790658543464449
350782722362454016
350787445832421377
350782940113940480
350787739534368768
350808122073423872
350783025333813249
350819480135401473
350823797751943169
350785593065742336
350812722478333954
350836071266918402
350835881906675712
350800205878276097
350801390991450115
350845956981391362
350812506186465281
350846885994577920
350854727229112320
350864962899558400
350870811550289920
350884262846795777
350901170417577984
350916556013830144
350911388484505602
350916665350950912
350906652544864256
350907048747212800
350924506933637120
350917932139819008
350918096774635520
350885787543404544
350908457299361793
350946543290949633
350952494244966400
350951333148364801
350965211181756419
350974102183477250
350969534372515843
350978334278160387
350981330273701889
350989190344871936
350996002452422661
350995926858465281
351005009359552512
351005690824892416
351016160038367232
351025782707060737
351013156140744705
351026821002833923
351031210748821504
351041104637992960
351033581444939777
351048291443679232
351047353853153281
350940975692136451
351067536110006273
351082232594710528
351082903389745152
351097673899704321
351112321252335618
351116210030649344
351129504334360576
351131875860942848
351145628635639813
351154093634502657
351150744294014976
351158377365254145
351131774971158528
351164564366307328
351187524707823617
351197588134957056
351200182148403200
351206222487236608
351069211092729856
351202675473395714
351225242712150016
351227433183227905
351235438029193217
351246065791549440
351245844126769152
351245681924644866
351254255388200962
351248995915546625
351252352965152768
351241322646089728
351267153225334785
351276204193611777
351278601636806660
351277574862802944
351279839883427840
351294642744070144
351294112596639745
351308242137255936
351323962740969472
351326750787108864
351348362324357121
351346128081530882
351341836532580353
351331711398846466
351350178260860930
351361316641964034
351353473306075136
351368884948967424
351375212404674562
351379554557886464
351387876279328769
351398434009395200
351394173385048064
351341604054896641
351395228822929408
351405575239778305
351409812103368708
351422793415528448
351430869799550979
351444492370456576
351380320743981057
351460994859544576
351461392328556544
351477230628642818
351489314913386497
351493758581342208
351507385245892609
351495213916762113
351517216103071744
351521566544240641
351535185134747648
351541112592277506
351552772178575360
351556747384721408
351560922579480576
351568446787563520
351574982209437696
351579761853730816
351578493139689472
351583808312705024
351576843331182593
351493057151107072
351598954254831617
351605914387759104
351610169614024704
351616504967610368
351614683305877504
351605359997227009
351633956514447360
351641931127865345
351643894347333633
351665358958116865
351671525931368450
351683939800330240
351688196029030400
351687118738817025
351692208308633600
351688944540327936
351706243645181953
351718122404847616
351710972320296962
351732404366479361
351746421239721987
351736955790303232
351743444395364353
351695024393682944
351764327637843968
351776478859501568
351776630810746882
351768250981425153
351787264793255936
351769893412147202
351711128105123842
351732865383399424
351802951792197633
351813305079312385
351815689679552512
351808640396701697
351808686148169728
351808615465758723
351814039933947905
351826792744632321
351818340748107776
351810684041953281
351819301642178560
351842875757182977
351854986226966528
351855698725961729
351868479978221568
351928306981015552
351927809750470657
351927637490413568
351936424951549952
351937043284234240
351941728892227584
351950132696203264
351960050232852480
351967560717172737
351973753602838528
351974601208762368
351987468658159616
351818636782075904
352001925862014977
352001083121483777
352004068664803328
352012268239728641
352017422171123712
352034025738731523
352062337529815041
352036816179826688
352043280369844224
351840815355670528
352070496201871360
352079511749279744
352075822766620674
352077953733111808
352083799347183616
352080203750707200
352081326117105668
352100611082297344
352106859131453440
352110801454235649
352115844853145600
352126177651068929
352141196044419072
352145702396243968
352145998849646593
352145619453882368
352151985736257538
352162276846993411
352162411307991042
352169145493749761
352172028184363008
352175267848007680
352174092536905728
352168640365346818
352183957468610560
352193370703134721
352197832867979264
352197992582881280
352197622636879874
352208962264907778
352208560802906112
352215621993365505
352225217210359810
352226016611143680
352222002544787456
352222344762245120
352225082015354880
352235935397715968
352233152326025218
352240800509337601
352249159899811840
352254588134506496
352262518124716033
352265434952777728
352241379713359872
352268986848788481
352280541531344897
352290905945935873
352299578512519168
352301072339054593
352298766574948353
352296424538505217
352298177581416449
352311958248230913
352310059654586370
352298668445007873
352284002423537664
352283771527110658
352303028608581633
352283911616868353
352331316005572610
352326122177961985
352342010113437696
352346385888198656
352348079220994049
352351663782244353
352366212140904448
352376926817619968
352374860476985344
352377130828566528
352385005227483136
352392961562116096
352393856706285568
352392777239236610
352392493477806081
352393113995722752
352402744721670145
352410585129951233
352412973744140290
352415269131517952
352426149646835713
352424613638180864
352430704329625601
352445689369862144
352454372040523778
352455144857812993
352459747485679617
352460274160254977
352463591162658816
352468130422996993
352457783259578369
352478722072383490
352441017556926466
352488888134144000
352479162340089856
352488250784481280
352483143569248258
352490061989814274
352501324685901827
352506765109239808
352513151310368769
352497106977701888
352510999187832832
352511828632420353
352490786329341952
352488158694346753
352521294778089472
352483433043341313
352532241643085824
352532173221400578
352541578012803073
352551803461705728
352555894418059266
352557007561170944
352560654370091009
352561555398856705
352571340898844673
352568184219508736
352572197115670529
352564156098019328
352583684680986626
352588911576481793
352591020963282944
352598021990658048
352601159304871936
352608499487883266
352607737835819009
352593924738658305
352624325674795009
352637902351642625
352642766888636417
352644454445887488
352648342704103424
352651378486816768
352658779801792514
352654471844728834
352654032038395904
352672098541518852
352675657051934720
352674945450512384
352681041363869697
352688456868179968
352699775138803712
352713547446362115
352713701196972033
352716281423732737
352717757374144513
352729892221235201
352728758899326978
352746836181794817
352729654727159809
352748783181893632
352762519305203713
352773367008473089
352784194381955072
352788550946791425
352802582852411393
352793422295343104
352708704505827328
352807842065035264
352820253748764674
352827405557178368
352835185517150208
352843655096172544
352841169199304705
352851273923571713
352823001139523587
352865282861170689
352872781635010560
352881162303180800
352881110839066624
352888958184726528
352898150882750465
352905738089279489
352902788587593728
352903010243981312
352902234507448320
352907668614156289
352906606192758784
352919648200699904
352925813055823872
352925180995186688
352923875115401216
352903410661601280
352924667306196992
352982426055745536
352986747916918784
352992159680573440
352997881474588673
353003668729118720
353007577291960321
353008563062456322
353017598855757827
353026823057178624
353019067596148736
353026824751693824
353034835293511680
353042196800339970
353045875280449536
353055502399315968
353053241380052992
353061173622603776
353062225851858944
353073169558544384
353073612254748672
353080065728331777
353088108578869248
353088451064766464
353093056955813888
353093229165551616
353102218393681924
353107956218335233
353110767735816195
353121621868953600
353129215585030145
353134243427258368
353149914118766592
353155872043708418
353166933312540674
353178573651185664
353182495329624064
353188344215252992
353196920740646913
353199977834627072
353206402736599041
353149625269620736
353217601280802818
353217503603863553
353211975490224129
353229207242940416
353220838117478400
353235541451481089
353246840482840576
353259464587091969
353264863046418433
353268099547541504
353267973953298434
353272063726854145
353278248274243585
353285673849065476
353275947052580864
353272639256657920
353290902166441985
353299547323244544
353299123698532352
353294559209459714
353299135501316096
353306250315964419
353315971353686017
353320819306405889
353324706230845441
353323291622129667
353334828596334593
353346507551940608
353362609233334272
353377685231247360
353388886694699008
353358030177443840
353395775608336384
353406702701395968
353353637189267456
353410036413894656
353419875655499776
353424932547465216
353439805473951745
353451711400116224
353322737571348480
353330146247319555
353469869376802816
353470403701768192
353483242873167872
353491386017918977
353498276156293121
353502976201064449
353506426099998720
353509919917490177
353510993709645824
353334708811218946
353521562407809025
353520984151691264
353529612304789504
353538145624653825
353549870671466496
353552068990091264
353555290983108608
353560005254975488
353568568404754432
353564840645767168
353565302287630336
353564560982155264
353566989844889600
353583343423598593
353552326683930627
353595919033319424
353608045466632194
353606613308944384
353605212377845760
353596164974723073
353615747601285120
353624565647294464
353625111317852163
353636140928077825
353641906414157824
353564234644328450
353652521476161536
353664867141550080
353657180613914624
353659337496997889
353661796462243840
353670119903338496
353676943180300293
353681324617379840
353678327644561409
353688512677175296
353697491318878210
353706507092770816
353699463463841792
353702401326325760
353708814735908864
353715569301790720
353717613882380289
353716087621287937
353721898175184898
353716389040758784
353732781764902912
353747096618278912
353747834538967040
353748117826453506
353759671556907008
353758671488024579
353760599311785984
353773871339552768
353769166169309185
353781263456415745
353793044669145088
353802022996279297
353805856405585921
353803965974061057
353819492909977601
353830880592146433
353844028837601280
353846211964436480
353854713676038149
353861599997603841
353872421272555520
353877161565888512
353876910343864320
353890807440351232
353890762620010496
353725571915718656
353885694378250240
353902798179540993
353903748965335041
353903273763278848
353897708450361346
353918529940103172
353856013226622976
353907198805544961
353933702553808897
353941285134016512
353943312316645376
353951091882344448
353959195613208576
353967987109273600
353972727360651264
353981230896779265
353981020195926018
353986025053368320
353996273092788226
354003266188738560
354007915654430721
354015440508432385
354019585852321792
354027606967992321
354032261982715904
354035904907710466
354036459134664704
354035809017532416
354046743354146819
354060618531209216
354057029624664066
354052458265321472
354065150812233729
354075603059740673
354078574510219264
354080083566280705
354090277352390659
354102504155398144
354111817066360833
354117433692397568
354119074193735680
354133128488558593
354134783451869185
354138561366331392
354109678936006656
354150267811414016
354162074491949058
354162061040820224
354177561699434496
354192655804153856
354206577139515392
354216629464338432
354223538070224898
354072081761177600
354227297819176962
354236499945996288
354237796086583297
354245018204114944
354257371310211073
354266183010230272
354260901265805315
354272012815970305
354277746647633921
354280070430466051
354288350070448128
354290475366232064
354262355439394817
354302606467809281
354314076299599874
354315985899098113
354330557846528000
354330620194856961
354339906698485761
354344821508415490
354349233723277313
354349368251392000
354362564441948160
354370495342329857
354366718677762048
354377804864950272
354384739098038272
354390476499066882
354397608334200832
354393769698799616
354407661187506178
354407536490856449
354420129972494336
354425339352596482
354421248702414848
354437228346343424
354449822545215488
354449606022672384
354454378045902848
354466880934780928
354467385463414785
354480995153620993
354487678282104832
354496015518269441
354507258048159744
354511679633104896
354519718838808577
354527974097301505
354527805138145280
354475684443336705
354542734540939264
354547088320770049
354550852633104384
354557972074070016
354433131014668288
354572056471412736
354584709910642690
354594565451296769
354602266579308545
354601986454327298
354609183045324802
354598495681916928
354599813398016000
354620643402186753
354620566105366528
354630462230110208
354629604717248514
354629804273827840
354637323440365568
354642789767712770
354644608854130689
354642428222914560
354636180773552129
354632899695353856
354655561280794625
354655008618319877
354664077957664770
354653752311021568
354664780902043649
354641392615694337
354676347806822400
354680615989297152
354686478628044801
354692393959817217
354691446458171393
354696625739927553
354705380242235393
354721665999048704
354721736106848259
354735324133457920
354732023790829569
354743944871034882
354753287012093953
354753278074028035
354761477812523008
354764884967309312
354768216184201216
354774900382240768
354783490006454272
354796502155137026
354811955397144578
354814183247839232
354817675295334400
354827880615776256
354839837548883968
354843160255533056
354717447535869954
354852860879581184
354860470982811648
354872185220894721
354869194078162945
354873317125128192
354853206741884929
354887268693065729
354894527506563072
354905111228723201
354914915376578560
354918749473738752
354918520728981505
354933284704227328
354947807733481472
354935032462319616
354948593368576002
354963027654754304
354968337207410690
354967253973876739
354979288317050880
354992341989330946
355006274435416064
355006331469565952
355010371041509376
355010499873751040
355011381134761984
355025228662968322
355038261091123200
355045423494332417
355055370764431363
355036326942351360
355069398433792001
355073125811101696
354898548355117057
355085379713507330
355091701318164481
355096522335059971
355101605181407233
355100402993217536
355106415846760450
355107802127142912
355120669236797440
355120641059454976
355132998733148163
355130235068481536
355138297296719872
355145883022663681
355151112233426944
355155651959341059
355152691556651008
355165178180018176
355175036635713538
355167264951111681
355177076405440512
355169936177500161
355183018828242944
355191910937268224
355192423833542657
355195373955981312
355195660653428737
355203363559845888
355199654532620289
355197879515746305
355211509338611713
355210484837920769
355221491668877312
355221078110502912
355240204157726722
355252602339991553
355219268469661697
355265290831011840
355279388562038787
355279990251732992
355288290078887937
355288276384497664
355288198894723072
355293485013803009
355294185936523265
355300813213667329
355296516182781953
355311584215695360
355324989660069889
355340750260678656
355339925002006528
355353743279132673
355314011572682752
355358793628000257
355367709061558273
355363796547678208
355374140087222276
355381892176035841
355381877248495619
355381876401246208
355390361570525184
355401084325462016
355400721220386817
355401627731103744
355408824376623105
355416416142376962
355418555224825856
355430707402776576
355432888730267648
355447197078261761
355451594512408578
355463769578668032
355474032663076867
355476847712157696
355477525704622080
355493413489094657
355501935354331136
355500339044155392
355506791330742273
355500831187013633
355514564219117568
355522238046420993
355522811181277184
355529090645753856
355525904857956352
355533695383388161
355542188081414146
355553178990809090
355563901443772416
355568828899532801
355574242294759425
355582243944660992
355593265036275712
355598640464670721
355603754390786050
355611394466516992
355614665067339776
355624902843301888
355635731269558273
355640517247246336
355651347372191746
355658022158213120
355663401910939648
355667890789294081
355675302019600384
355676135234871299
355678491796193280
355691215284473857
355703815934197760
355696102185500673
355709047548289029
355720675417264128
355722838797332480
355724407135666176
355727201116758016
355724824540217344
355738614061211649
355744050965516288
355750364089298947
355761367610957824
355760980258586624
355749465057013761
355770219714719744
355780944545845249
355784972604407808
355794678706216961
355797236652834818
355804971062665219
355811727218180097
355823246056226816
355823923541184512
355831796904116224
355833461975691266
355833364588134400
355847344027205632
355799736458022912
355862213795385345
355871781900390401
355811643961253889
355875107836661761
355886727212171264
355885670599897090
355883310880268288
355892626442035200
355900116651089920
355899781513621504
355900761277857793
355900147894468608
355903340254732288
355908689418403840
355905353063477250
355908618077470720
355922098486644736
355935410318348288
355942890280718336
355898226232139776
355940379079618560
355951848793972736
355957155616129024
355962720715145216
355972373486370816
355965182872256512
355977372043980800
355989993572933632
356004321407664128
356012696057032705
356010741075161088
356020953119072256
356033364697952256
356034463496548352
356050271174008832
356065483084148736
356080115702181888
356095508823027712
356097521761796096
356099898204110848
356035574420885504
356114195235864576
356127197049790467
356127200908541953
356140246389362688
356144135503228928
356152298390552576
355965501303820288
356151680489885698
356158761494249472
356072185544187904
356171972532645889
356171933055844352
356187292299313153
356193928439009280
356202407123886081
355988256569036800
356218435291717633
356231368172240896
356246601657880577
356254618117881856
356021109163950080
356060185527197699
356264282339549184
356272827059539969
356269248768774144
356268181742043136
356275042289598468
356268558470221825
356284373131198466
356272992239628290
356272133938233344
356295930846265344
356309117419257857
356318414509309952
356321496110604289
356332378756612097
356338268935168000
356351807347367937
356359596832604161
356345794250543104
356370386876768257
356379084101648385
356382445567885313
356391618384887809
356399233336754176
356411368154468352
356412710449201152
356420937798778880
356415195431710721
356429709434818561
356438470736097280
356443464004665345
356453469256826880
356444701613764608
356449408499453953
356332197097127936
356464793315577856
356470784987889665
356479095388913664
356490398354505729
356494052641873921
356493431616454660
356506851552133121
356517699452542976
356525664121266176
356525780358008832
356518723097608192
356523107403571200
356538105546801154
356538306504298496
356547546824458240
356555845447856129
356561471750156288
356568820451778560
356579708395200514
356589151505760257
356590312342306817
356592446173483009
356597901406912515
356607609303867392
356611791222095874
356615399745392641
356611386056515585
356612432984150017
356615069083246594
356597549534175232
356630378561277952
356636545345798144
356630598623821825
356644341835513856
356656017007849473
356663509255331841
356659266305794049
356673427395985409
356684543702474752
356694220855181312
356699622342791168
356703406099922944
356713944502644736
356727696849514496
356744740441571330
356745260694638592
356758661349122048
356746756966453248
356763306079436800
356762901614313472
356770003908960257
356780796784287745
356778281195945986
356788420347043843
356795981527924736
356753154357985281
356809590031134720
356808929105293315
356825298702057472
356829628318498817
356829992694460416
356837820536598528
356842910769098752
356848256359202817
356853207198212096
356864289186918400
356865886226890753
356880418768818176
356881042902237184
356887648197029888
356881228177211393
356899755068108801
356906875964497923
356911530362675201
356911939059851265
356921936888086528
356922163648937984
356927396437454848
356927300316577792
356937712428789760
356942010403397632
356941718219784192
356956657185599488
356963392092774400
356960283018797058
356974559137767425
356985890729508864
356994669655232512
356992697480921089
356997610474713088
357008007474847745
357014635657961472
357022609759674368
357032911066759169
357046953068081153
357039662373666816
357061673598717954
357075197397958657
357092018582847490
356970847279398913
357108232000507904
357114179137716224
357114280111390720
357124207357865984
357125415745232898
357134324627275776
357141546354745345
357142354169298944
357157925317382144
357165010109206531
357169470038478851
357169476925530113
357169755259547650
357187793102962689
357188342275780609
356995844303626240
357027354553499648
357198728018395139
357206757677862912
357208647576715267
357192022211297280
357213386393661442
357214972016738306
357216033200816129
357220822622011392
357230121637249024
357239110013947904
357236086847700993
357245257009725440
357256048689676290
357262521205403648
357251157309145089
357268495202914306
357274186026188800
357285567999905792
357290306175107073
357289938074599425
357294084987170816
357286474955235328
357302618218967041
357310039423324161
357315103118462976
357315569969672192
357322772810170368
357333696975601665
357287166377852930
357351123562139649
357351694012645378
357362496992051200
357365957238325248
357378611415752706
357371182871351296
357375367536836608
357383556869259265
357393925985681408
357400024533045250
357412789989543936
357425103262330880
357439006151163904
357454598748897280
357468595561197568
357476020498083840
357475327695523841
357487192064540673
357492731943194625
357500970101514240
357509434601246720
357510674110357505
357517402336002049
357517765004898304
357518073743425537
357518277158764544
357536920517091328
357534315816554496
357532802197094400
357543595856769025
357479660906483713
357556179163029505
357567600110215168
357578660271763456
357579256932478976
357586554954321920
357586770340233217
357589464249413632
357588513258082304
357596113643118592
357597108435566593
357594724049235969
357609520094535680
357616243194331141
357620737021984772
357624944806477824
357623289008500738
357637850931531778
357650922693853184
357665950927032322
357680596555804676
357685421074956288
357689934934581248
357699074574655488
357711375407136768
357710960510767104
357726222547030016
357736084693725184
357731286808395776
357730835832635392
357731108030390275
357746163069362177
357750563141726208
357750122723033088
357757681999683586
357757650672431104
357769817832431616
357772079011086339
357785780002881536
357801582718488578
357800644662411264
357802505050128386
357813370541453314
357819554443296768
357823871761645568
357828308089581569
357833465162895360
357832590067118080
357840091344928768
357832234830536704
357832505635782657
357843484239085568
357856574510870529
357865998394732545
357876632557584387
357892274526502912
357885157274947584
357888342068699136
357882835446669313
357886383324532737
357888148589641729
357899336715210754
357899460887580674
357893532691873792
357883286447587330
357914956835987456
357925058548744192
357925351462141955
357921988288843776
357934329361477632
357947235121627136
357953127883866112
357957420263292928
357969002896691201
357972750079508480
357979589705871361
357976248837869568
357987203755933696
357991391017713664
357994515719655424
357991304455655425
357993879888343041
358006264611078144
358012516833558528
358020425478975489
358031125962174464
358036473892700160
358033924464705537
358045792327581696
358058550284656640
358070169346015233
358065108829749248
358075416268906496
358085638647590912
358083536592449539
358074899908141059
358094184051253248
358100064167669763
358100558923571202
358100730726457345
358110053645041667
358121481194049537
358128740204691456
358127471679381504
358136209639342080
358147801722535936
358163561308102657
358172349318692864
358178206584553473
358194487597604865
358200790391205888
358209673066848257
358218810039349248
358218544154021891
358222660301357056
358227123078561793
358218938603147267
358242164892901376
358254998838583296
358260698872156160
358271484373893122
358263399710326786
358286090941112321
358287496146202625
358301199411331072
358308587027693568
358304377418686466
358199373366177794
358322672893444096
358334083849392128
358340399804325889
358335461351104512
358340682726899712
358348614675873792
358361066239037441
358360538062929920
358375756591669248
358379136781254656
358379621194006528
358386439634948096
358384713620131840
358395306548801536
358392914746937344
358406773335531521
358407602113220608
358418317402308608
358423300159967233
358433876424663040
358435506129879041
358430844605571074
358429292742443008
358440141502685186
358440418578407424
358454541819195392
358455222198218752
358461093464649728
358468699650408448
358470255607152640
358479621764825089
358483118828683264
358487917011795968
358494738300678144
358499187626745856
358512663204077568
358525272804442112
358540467039780865
358540879130140672
358551191984160768
358557770880004096
358465844441280512
358571910688284673
358586673308762112
358596413078249472
358592795197444100
358593685883076608
358599008010248192
358471424597426178
358593290943217664
358598406425427969
358611825941676032
358616850000642048
358602682367746048
358626814102487040
358602113200291841
358639600266256385
358647706568237057
358649843729707008
358652553573056512
358494759649689600
358666210243641344
358674832499544064
358677365863366656
358682758891061248
358693561803350016
358694144610287617
358703425602588672
358703418052853760
358714644287856641
358726137695838209
358727100473147392
358736420304732160
358750939944980480
358733180997615620
358756597348052994
358768083038507009
358768418230927360
358768568487649280
358788034470223872
358786083791699968
358671198302908416
358793171066966016
358800542778134528
358805446850646017
358805309122297856
358818851762753536
358830553736286210
358830968066420738
358824489305374720
358838489531432960
358845158550282240
358850040824991744
358730466729271296
358856077544140800
358866237142470657
358866994747019264
358869712018472960
358878534950858752
358878181798850562
358882619372486656
358892093600567297
358890732691521538
358904075569463298
358904503409451009
358916852413513728
358928385734483968
358937978334216193
358949393551982592
358964281481510912
358975996713648128
358901015979892736
358982719314739200
358992104032190464
358993497962983424
358996921924321280
359005840331653121
359001897144811521
359013080971218944
359010254396207106
358997140376260609
359026570012266496
358977556600881152
359033383759773697
359043757833863168
359051761341833216
358974398847807488
359058068450979840
359062198301102080
359072412819656704
359084946117246976
359074250268737536
359074945344999424
359090081673392129
359099158440845312
359103305017864192
359102127328595968
359104027318956032
359101854434607104
359118844641546240
359128181174841344
359131257587769344
359130856331296768
359145513003646976
359151777247019008
359162593895657473
359171416215658496
359169189522571265
359168957451743232
359106956214009856
359182393732640768
359188396373061633
359193372474359809
359198822313885697
359206269577478144
359157653982810116
359211131480449024
359223896895004672
359159299106275328
359228565214081025
359238943268552706
359246244058636289
359243954849460224
359256584381558784
359269832165822466
359283834270908416
359296370861031424
359307681590288385
359306594682540033
359158895261925378
359314680885415936
359242132789268480
359327888350257155
359338389595635713
359343958268583936
359349013545353216
359348911518912514
359351720368812032
359343698087120896
359361977455759360
359363634398371840
359375018465038336
359384482975322112
359383147667931137
359383715278893056
359391675505852416
359404872946302978
359411911361691649
359412273846042625
359411933348249601
359421228676677632
359434955538972672
359449558230634496
359477732771500032
359487396691197953
359495003409620993
359502771583598592
359509707506978816
359517930494496768
359515784638242816
359525959201865728
359529427236945920
359539484922093568
359552961963237378
359568640829435906
359582421697564674
359419989981270016
359598840032133121
359607531628265474
359613623867420672
359627064330035200
359635455307812865
359645783798202369
359652067662503936
359661136431423489
359660419029274625
359673022057152513
359551916520382464
359689800405622785
359702312106733570
359707047647920130
359719244730089473
359500456919183360
359721127045627905
359540721839124480
359541759929364481
359737503105818624
359748684822478848
359751400856633345
359759987439972352
359761820929626112
359755595940761600
359760064879403008
359768744349798401
359769199402418176
359758427905458176
359785543996944386
359787016491241474
359799846976229377
359811390418059265
359819534955327489
359758246178848768
359826708561534976
359825737559187458
359827138242822144
359842624779202561
359848244739702786
359846695342845952
359857771031691264
359866615485042688
359868015384334338
359873556219301890
359882616574459904
359878667146502144
359889340987490304
359889378752987136
359819485957459968
359902168297381891
359910529352998912
359920521862852608
359922694495551488
359928366863884288
359935175662116865
359942668526161920
359941924699897856
359829074358706178
359950448108634112
359960600840900608
359957368630546436
359961632429981698
359970479727067136
359980114609569794
359993450705330176
359993556494065664
359884834438516737
360007776405164033
360021301504638976
360027405307490305
360037543108034560
360051583964291072
360053995621986308
359887040319459329
360058100650213377
360070839602905088
360075144347123712
360075135207739392
360086142089035776
360090928414851072
360086194081644545
360090906252148736
360102926812848128
360102398754160640
360102911189061632
360102630502051841
360125192443416576
360115889766539264
360137124940492800
360135149276495872
360123089167724544
360141772011225089
360145179270852608
360090970106249216
360154319565238275
360159649376374785
360163765200748546
360160163660972037
360118549722824704
360177641812262914
360189245903732736
360194100152123394
360197130457071616
360205347425746945
360217645989109760
360232985208954882
360247428953276419
360253024255488000
360264226826240001
360147693848375296
360280094570328064
360279680080818176
360293304925028352
360296161925537792
360304561522614272
360305097693073408
360310347623706624
360317492771553280
360319983957454848
360324915653644288
360337381175472129
360213154912940033
360355661286088704
360369859089018882
360213539539005440
360376029824552961
360387833904640003
360399370090332161
360401033022816256
360405239595151362
360410028693401602
360406661803937793
360418880717463553
360422746368389120
360433030919233536
360437085666160640
360434241126924288
360437496569536512
360436933782028288
360449785121095680
360460604366012416
360474225632485376
360482288988987395
360480332081934336
360492671913046017
360497220811890688
360500174189101057
360497446356393985
360503250811764736
360497693858086912
360512085945352192
360511946790928386
360520385780916226
360510758204878848
360530715554742273
360534803445067779
360538218598383617
360545318254817280
360550797831966720
360557897442267138
360557319093886976
360570598520397825
360571701739782144
360577996672876544
360582563405889537
360585419798233088
360593018572644352
360593018157412352
360604001609322498
360607435582476288
360613458812739585
360618200532123649
360628675596660736
360628539550220288
360631577891438593
360639017391357952
360638725874655232
360645720275034112
360646732599656449
360656212632682497
360656041282764800
360657755519987713
360666081746100229
360676722670182401
360659532134875137
360677278469992449
360683034019762177
360680134518386688
360687739282264064
360687897973768192
360694271390658561
360693809518096385
360659572723167232
360913828353028096
360890360551055360
360662994868387840
360932707011796992
360958796731916288
360795933186859009
360670236103540739
360966392943620096
360687942282383360
360765297336123392
360974453770948608
360980445313253378
360980154392133634
360989316874387456
360993431465639936
360999163602804736
361002667968962560
361004922042462208
361015233432649729
361015157419278336
361018531355164672
361019179140268032
361029800552435714
361033820587311106
361034663147474944
361049110154973185
361061801812701184
361065358460858368
361075642843934720
361086730624974848
361097994080231425
361107179882823680
361122992593444866
361138512457768960
361133608137785347
361133885096083456
361128416264716289
361128400867430402
361144315969409025
361153804646891522
361159957875392512
361167578372112384
361168977176690688
361171999298564097
361178172567453696
361190760852357120
361198240747626496
361195943028207617
361192448174723072
361193957646020608
361208806513975297
361204878669910019
361215370692014080
361212950331133954
361171568577093633
361171997054611456
361225234113761282
361225623550701568
361239744719495169
361249745089474560
361256724801392641
361261813280673792
361276356425814017
361280510258982912
361285346241163265
361282115012280321
361295042679275520
361305191582142464
361321862569009153
361334430985494530
361339298156515329
361350833079713793
361358066068885504
361355932736831490
361353950680715265
361369336407003137
361380224249774080
361377718241198080
361386413457014784
361396456554364930
361396403307675648
361394561119043584
361396677430607872
361396757256617984
361399081697935360
361415516717461504
361419288000729090
361415124784914432
361430420274950147
361429081214038016
361430714555711488
361439833249423360
361402960464461826
361456252691296258
361456967761403905
361471570515996672
361485258224435201
361499916868136960
361515967198674945
361515735165583360
361402379712729088
361521015878189056
361534275599867905
361539992528486401
361542901420920832
361544114472370176
361540329813446656
361492774320742400
361554394916990976
361562195118669827
361565040140238848
361449769568174080
361578053182300160
361589237830778881
361586541992214530
361586844602871812
361597466052800512
361609669619355648
361613694708359168
361618906965753856
361626463709044736
361630799801491456
361627517007822848
361634801515638784
361655800424448000
361661478283128832
361670061779464193
361670322321227776
361682486465536002
361691634179645441
361690770148835328
361690908305010689
361703079495737344
361708841597026304
361711629546692608
361717453761429506
361608557126361089
361715200912658434
361751466676989952
361761828038119426
361772719940976643
361631965729918976
361802973220843520
361818068424466432
361816637382475776
361827448612077568
361831690097803265
361836077381726208
361844359496351747
361846775256072192
361867507683950592
361872770398822402
361879504890757120
361883643490209794
361813857330675713
361895459167535105
361903312154529792
361909686703886336
361781030350360576
361920751831486464
361934448318615552
361941910438428675
361948988729073665
361948828531834880
361946209197363201
361946966416039936
361969334874152960
361974825822060546
361980651458662400
361974395851390978
361972849356980224
361983100483407872
361991631920037890
361986072823070721
361999585276727296
361995551400656896
361982159411609600
361983113867436035
362011191515684866
362019833837142020
362003667529908224
362011175954817025
362015900896993281
361985603266560001
362025476631437312
362029129920561152
361994961421475840
361991600471150592
362033727561408512
361997881529466881
362043017353379842
362033531167322113
362061192690286595
362074339673260032
362080015397044226
362083854024048641
362094618034184194
362097625803132928
362094297916522496
362104817621016578
362109767726010368
362114815155646464
362121865990377473
362122789358026754
362135349562056707
362149866476011520
362152807836549120
362182999460159488
362181809330593793
362194725035442181
362194781197172737
362201688452509696
362212736727384064
362225043314458626
362240777839054851
362230278338510848
362260269315010560
362260208115920896
362265088658378752
362095101364805633
362092513982558208
362282346759716865
362282673718296577
362095218918559744
362112556116094976
362302308387786752
362302135372750850
362302056582742016
362322207797551104
362150989953896448
362336668239396867
362343135948443648
362346613521391616
362347264401883137
362348282036502528
362349980419227649
362359361756078081
362364484146302977
362363664948396032
362363633717620737
362374975799308289
362374461783154688
362388373467443202
362382873547902977
362370229097070592
362386787039055872
362372792685043712
362397389044199428
362400939128262657
362371314599735296
362370517879111682
362411333196595201
362410941519904770
362422655141429248
362421936053161985
362432369640214528
362437898903109634
362447301123391489
362450876268421120
362450705375707137
362458578491158529
362465672242008064
362474554259554304
362470231106523136
362480262770196480
362490468547829760
362500738968064000
362501026697318400
362503780127866882
362515174353145856
362518461928321024
362529068933054464
362532550683525121
362545350688505857
362557773310988288
362558254238285825
362573140615897089
362602458725363714
362602971785203716
362602782643060738
362436937287598082
362623350285156353
362451477693861890
362626968082055168
362435681194229761
362652929200627713
362529652851474432
362659801567723520
362666491038007298
362676483690479616
362664336805724160
362675967258394627
362666933138632704
362685369294131200
362684995917193216
362685329427267585
362704436797247489
362716348608421888
362720036261085185
362722497264746496
362732199377780736
362731900189683713
362747793687207936
362747754335838208
362747194043924480
362764777396768768
362522295610261504
362524669011705856
362726804508774402
362773450965782528
362772956612542465
362782565674917888
362784832859807746
362784793211047936
362796044817403904
362800896834416640
362809285421436929
362809269818634240
362806114481487873
362816231738318848
362822602500214784
362823774350999553
362828966341517312
362795851900403712
362838403194163200
362838795286102017
362843834364866561
362852266081927168
362852238605029376
362808901831376896
362858672302460929
362866224725639169
362870424331239424
362866973350174720
362879103000526850
362888862684545024
362904194212048896
362894342374948864
362899836229529600
362907414145662977
362907263377227776
362907199976128514
362920241686265859
362935520050950144
362950553988759552
362956978319925248
362966124809715712
362977247872819200
362974338388996096
362984966642089984
362991051461492737
362992763639308288
363000910726709248
363000251201748992
363000151516143616
363000222995062784
362932197088444416
363023128537989121
363032528384307200
363040974471041024
362908753344991234
363049041854078977
363045435382190080
363048614139932672
363062960400244737
363070099789332480
363077335462850560
363087115342462976
363077467080495104
363081118209155076
363079608968544256
363096959327813633
363101242836656128
363118466988916736
363126740144496640
363164237603934208
362995462237724672
363177671175725056
363184458435792896
363183700181131265
363180695323033601
363045817785253888
363183952187494401
363213543337766912
363213197404151808
363226909687443456
363230308528701440
363230729741672448
363175264677036032
363219873859923968
363254534484668417
363253785381961728
363263378791608320
363283631709900801
363297853642252288
363312941673619456
363320911438430208
363328055366156288
363332357077479424
363342370118443009
363346402937544704
363288824165564419
363347433071583232
363377031465402368
363384532335984640
363375094292578304
363390884538101760
363394513277956096
363294287989329920
363394529887404033
363407414458318848
363425446517817344
363435731764527104
363445266633854977
363447536528273408
363452178347728897
363458906699210752
363480371112841216
363503419236954112
363491037387714560
363527178735980546
363530217886720000
363530784608485376
363541702067236865
363381166209896448
363541178760691712
363552889781760000
363556995883728896
363561058213957632
363567433618948097
363559985260658688
363573615674929152
363583215258181632
363572915301658625
363566450138959872
363589437176823808
363599222488457216
363605203452301313
363594080775073792
363599402574675968
363591461003984896
363609780298199040
363586294317727744
363624848364277761
363628329707913218
363657084736241667
363663982189490176
363670217693888512
363696466071531520
363709275404636161
363709492841558019
363722901406486529
363726215867146243
363735090020356097
363741234281463808
363750641711464448
363574649923178497
363753502037655552
363755750587236353
363770799984877568
363778887110496261
363773207888658433
363768706268016641
363799894709895169
363626703202942976
363805830560219137
363816469773033473
363828623997800448
363822071664484352
363830981566164992
363840831163072514
363845042210734080
363850051790979072
363856927865847809
363865508702990337
363873454740606976
363901324443660288
363916328194678784
363917381820641280
363925102829645825
363932755928678400
363769355772760065
363946879421513728
363961039752138752
363963714837295104
363968293310590976
363976818128191489
363982693668622336
363990950588067840
363994344099160064
363923045531926529
364006964319100929
364021605178949632
364022452835188736
364022776711364608
364021494352846848
364039448742203392
364036426024755200
364035737563312130
364055906276753409
364066114851979265
364066082094460929
364064723949457408
364065991724400640
364074633588248576
364069351303176192
364084888011415554
364084800493076480
364105063779676162
364117792787677184
364127461987983363
364142700611641344
364123034724352000
364138317043863552
364150411919233026
364149505685323776
364166556130877440
364066783411449857
364181117978423297
364195455590080513
364187344791797762
364188228145774593
364208392451010560
364211301909671936
364221611425021953
364233591670050817
364249117796466688
364254232230117376
364250050198634496
364267199436824576
364264733806837762
364277503411503104
364283369611198464
364294106450636800
364309551496962048
364317530581499905
364325121554526208
364165307591430144
364336319171801089
364341583954444289
364342453111123968
364385280448819200
364209970612408320
364222289488777217
364394674028425221
364400897083703298
364389846447423490
364424001491173376
364434906304503808
364460082257338369
364464469550059522
364288923809234944
364470391571361792
364471360111640576
364480197178830848
364489281743908864
364483865571635201
364487209032122368
364489487340281857
364500011532300288
364503082408747008
364505435988295680
364509400234733568
364515712565395456
364524263111675904
364524879590072320
364524437833392128
364525887536238592
364531194907475968
364535552206315520
364543398306250753
364570678994812928
364579067753807874
364525750436638721
364583276221956098
364588223210598402
364597117949460480
364597036097609728
364535003943673857
364617919830822912
364620619536547840
364631090247372800
364648200876986369
364640853668536320
364658115498618881
364660284691984384
364672028843847680
364674474731241474
364673994743480320
364671366189948928
364693516904955904
364642214321725440
364707272246566913
364709006603853825
364710206539710464
364716133271613440
364724032089767937
364724084094939136
364721941862551552
364723246450491394
364741564616015873
364761968176930819
364774871948984320
364776085767983105
364770668509790208
364768908693090306
364674476262178816
364787623979524096
364796695294386177
364792311785324544
364793732467404801
364795043015426048
364793564888174594
364804080553562112
364808037904560129
364820967719043072
364839958206361602
364845634869665792
364850611277135872
364871450454269952
364876552485343234
364847259218747392
364846626369585152
364888168929034241
364902045519577088
364910091138371584
364914267645947905
364906980629950464
364909997735424001
364923396292755457
364863876635951104
364932805660114944
364923349865992192
364939664798400512
364937799457185792
364940218169700353
364954373543051265
364955016966447104
364971413284728834
364986213960134656
364982024236306432
364984531721265154
364989731802578947
364996005390852097
365004098426245120
365011554049069056
365011015634649088
365004107708235776
365019850650828800
365022978385252352
365034189122318336
365037910208155648
364937507567177728
365051018339287040
365057674049626112
365064238420594688
365066933936205824
365067606400565248
365066863421571073
365082111532728320
365094943489929216
365109754525265922
365122596217434113
365113563402092545
365110844146716672
365113868848070658
365125713097007104
365148432089886723
365149609506504705
365160555096449024
365161244660994048
365170708256538625
365160516416577536
365176887938531328
365176841654370304
365175238893379585
365193157081710593
365205192976764929
365210546582204416
365231698385960960
365243973498970112
365238977273401346
365117156796538882
365248772537729025
365256784237166592
365252931689263105
365263473095090176
365277436042166272
365286395771748352
365306953058091010
365320832848900096
365335368901476352
365330234997866497
365327359987023872
365326374749224960
365341232798511107
365350711569039361
365354364921069568
365367912699138048
365176669734051842
365371773690195969
365379444359180288
365371312820064257
365383264631922690
365389049839616001
365397752810708992
365410092251746304
365424856528990208
365426928695513088
365425658534440960
365444951355564032
365453261387481088
365459601715511297
365465347366715395
365464466298642433
365473854325399552
365307913226555392
365488554643693568
365488908361936899
365488112689881090
365507128150069249
365515104638345216
365379570469314561
365519328377978880
365532337791959041
365353756629536771
365440497830998016
365539942325170177
365568771215212544
365389308590440448
365577899966861312
365382835768532993
365578442999214082
365357144482119682
365585344021790721
365581713549688833
365589540511039488
365611825355702273
365611050260897793
365627592470048770
365629470926831616
365613629493620736
365618143193874432
365638000891265024
365646968871067648
365649353655853056
365654902569054208
365660128621502466
365660297140248576
365675765376876544
365683147687469058
365686448768286720
365701139875901440
365715245433487362
365728870785220610
365693896849768448
365737148965584898
365759278088331264
365761363143966721
365771969834131456
365779962059436032
365787952418267137
365819299480346624
365818205773627392
365833097155051520
365830333251330050
365837783056646144
365839939285430272
365841393316413441
365722347094810624
365855907088842753
365864984917454849
365871016901214208
365871190696407043
365887708175933440
365893698573176833
365897230848245762
365909826028580866
365847231905009664
365912858099322882
365945398520582144
365951264376373249
365803279529160704
365957151987990530
365970334295392256
365985736303980544
365999020285501441
366003041457025026
366003535512481793
366009920933478400
366012555199651841
366035186170871809
365868135586336770
365975764107137025
366050309212094464
366057774775406592
366064192840679424
366072690638987264
366071859894173697
366080509824081920
366078837483769856
366078664531656706
366090969835249664
366096575375753216
366098115385769984
366097932094668801
366116033687326720
366111400650743808
366105263029231616
366116704243294210
366122752685522944
366124045164482560
366139510507057152
366167094078873600
366165789734219778
366166824905224192
366177962246148096
366167592848732160
366186465987788804
366196838237347841
366210882038013954
366204020345409537
366229477086343168
366235768760451072
366236007852556288
366237659330379777
366248233816690688
366272136567980033
366287573099884544
366137067396272129
366287877702811651
366290560534851585
366299831209181185
366309131092635650
366287645883629568
366321237884022786
366242956199477249
366337580247166977
366362570413711360
366369745416634370
366366655300911105
366381127063179266
366390134960177154
366368950507945984
366425584189980674
366435719448772609
366437917272449024
366436371847581697
366435771353280513
366443579939356672
366449066533601281
366449893054742528
366454655162654722
366455338297344000
366483377127301122
366318224024928257
366323120828719104
366311989464674305
366319033550774272
366338589270880256
366521202598100994
366525666369347584
366526274161737728
366527527189086208
366526341220270081
366532060334145536
366542698913603585
366559412145500160
366558187509383168
366559723463520258
366578834667081728
366596926151458816
366606483196096515
366426809937567744
366621671953661954
366634589353017344
366642809857507328
366651845759860736
366657599023742977
366668780677513216
366677282825322497
366682452669919232
366689924273020929
366692689703473153
366697358202908674
366702069031256065
366529950863474688
366712990743003137
366718934642204673
366716736772378626
366719448360550402
366672647528005632
366732597713321985
366732335653203970
366745356349882371
366734708433879043
366732085534265344
366751905420025857
366752074798604288
366764361248808960
366694901452242944
366788535107321856
366797642908434432
366798346356142081